200037170
202017343
202045400
202070064
211061402
211061529
211061752
211062526
212005417
221007608
221022005
221022195
221022480
221022631
221031318
221035077
222006122
222006202
222006848
222009732
222015140
222021871
222025932
231011220
231011266
231011570
231011604
231012174
231012192
231012245
231026400
231026438
231026483
231026563
231026607
231026993
231027097
231030771
231034690
231037692
231038214
232001120
232001380
232001620
232002000
232003661
232004480
232013971
232013980
232014057
232014100
232014290
232014333
232014413
232014610
232014638
232024026
232027485
232036878
232037374
232046050
241011330
241025917
241025980
