190027011
190112093
190129344
202045301
211061903
211061930
211062179
211062203
211062508
211062830
211062947
211063004
221007715
221008641
221035040
221038248
222006131
222006570
222006660
222007077
222021862
222037764
231011382
231011533
231012156
231026330
231026385
231026590
231026670
231026966
231027023
231027140
231029841
231031723
231034690
231035150
231035446
231036800
232001362
232004462
232004506
232005343
232005450
232005989
232013917
232014001
232014039
232014146
232014244
232014306
232014404
232014709
232014754
232014763
232027476
232027494
232027510
232028393
232030041
232038442
241010914
241025149
241025480
241025855
241026001
